#              time               Lfree                  LR                 LRR                  Rp
 0.000000000000e+00  1.000000000000e+02  0.000000000000e+00  0.000000000000e+00  0.000000000000e+00
 2.500000000000e-02  9.951988870958e+01  4.267684477099e-01  5.334284357114e-02  8.693729235676e-03
 5.000000000000e-02  9.907873483363e+01  7.384070391742e-01  1.828581282951e-01  5.827290131933e-02
 7.500000000000e-02  9.867469842239e+01  9.709487758182e-01  3.543528021605e-01  1.655159452109e-01
 1.000000000000e-01  9.830544797137e+01  1.149085980862e+00  5.454660481307e-01  3.317495619687e-01
 1.250000000000e-01  9.796844285252e+01  1.289603586380e+00  7.419535614734e-01  5.505606269492e-01
 1.500000000000e-01  9.766110873222e+01  1.403905190156e+00  9.349860780014e-01  8.123293081989e-01
 1.750000000000e-01  9.738094140349e+01  1.499766643648e+00  1.119291953233e+00  1.106753390851e+00
 2.000000000000e-01  9.712556457556e+01  1.582520315836e+00  1.291915108978e+00  1.424152699378e+00
 2.250000000000e-01  9.689275879758e+01  1.655845753750e+00  1.451395449045e+00  1.756058359532e+00
 2.500000000000e-01  9.668047268378e+01  1.722296595663e+00  1.597230720928e+00  2.095399672234e+00
 2.750000000000e-01  9.648682352440e+01  1.783652751206e+00  1.729523724764e+00  2.436476685642e+00
 3.000000000000e-01  9.631009177149e+01  1.841157702618e+00  1.848750526262e+00  2.774829666105e+00
 3.250000000000e-01  9.614871216705e+01  1.895679746341e+00  1.955608086981e+00  3.107068212543e+00
 3.500000000000e-01  9.600126323635e+01  1.947822746152e+00  2.050914017868e+00  3.430694533928e+00
 3.750000000000e-01  9.586645619365e+01  1.998003054506e+00  2.135540752219e+00  3.743938366031e+00
 4.000000000000e-01  9.574312388547e+01  2.046503572607e+00  2.210372542299e+00  4.045611190557e+00
 4.250000000000e-01  9.563021013214e+01  2.093512156066e+00  2.276277712169e+00  4.334982029344e+00
 4.500000000000e-01  9.552675966961e+01  2.139149136616e+00  2.334091194145e+00  4.611674322572e+00
 4.750000000000e-01  9.543190877920e+01  2.183487343521e+00  2.384603877649e+00  4.875581636162e+00
 5.000000000000e-01  9.534487664273e+01  2.226566683490e+00  2.428556674154e+00  5.126799910976e+00
 5.250000000000e-01  9.526495741512e+01  2.268404867136e+00  2.466637718114e+00  5.365573551544e+00
 5.500000000000e-01  9.519151298838e+01  2.309005308483e+00  2.499481703511e+00  5.592252990992e+00
 5.750000000000e-01  9.512396640808e+01  2.348362941509e+00  2.527670650788e+00  5.807261599225e+00
 6.000000000000e-01  9.506179589797e+01  2.386468481557e+00  2.551735620847e+00  6.011070115145e+00
 6.250000000000e-01  9.500452944653e+01  2.423311512679e+00  2.572159041167e+00  6.204177085086e+00
 6.500000000000e-01  9.495173991151e+01  2.458882679424e+00  2.589377409443e+00  6.387094072166e+00
 6.750000000000e-01  9.490304058586e+01  2.493175210450e+00  2.603784204065e+00  6.560334530034e+00
 7.000000000000e-01  9.485808120754e+01  2.526185895395e+00  2.615732897440e+00  6.724405719928e+00
 7.250000000000e-01  9.481654436071e+01  2.557915665529e+00  2.625539974137e+00  6.879802887508e+00
 7.500000000000e-01  9.477814222001e+01  2.588369885743e+00  2.633487894623e+00  7.027005102037e+00
 7.750000000000e-01  9.474261362655e+01  2.617558397039e+00  2.639827976786e+00  7.166472537456e+00
 8.000000000000e-01  9.470972145413e+01  2.645495395993e+00  2.644783150254e+00  7.298644761715e+00
 8.250000000000e-01  9.467925023732e+01  2.672199191085e+00  2.648550571969e+00  7.423939795997e+00
 8.500000000000e-01  9.465100404078e+01  2.697691870761e+00  2.651304088828e+00  7.542753777240e+00
 8.750000000000e-01  9.462480454278e+01  2.721998919141e+00  2.653196538451e+00  7.655461043596e+00
 9.000000000000e-01  9.460048931261e+01  2.745148799816e+00  2.654361887945e+00  7.762414535824e+00
 9.250000000000e-01  9.457791026837e+01  2.767172527134e+00  2.654917204873e+00  7.863946428957e+00
 9.500000000000e-01  9.455693227985e+01  2.788103240096e+00  2.654964480428e+00  7.960368904082e+00
 9.750000000000e-01  9.453743191153e+01  2.807975788958e+00  2.654592299889e+00  8.051975023590e+00
 1.000000000000e+00  9.451929631679e+01  2.826826342530e+00  2.653877341058e+00  8.139039688275e+00
 1.025000000000e+00  9.450242223587e+01  2.844692021777e+00  2.652885742726e+00  8.221820607001e+00
 1.050000000000e+00  9.448671508361e+01  2.861610563182e+00  2.651674353582e+00  8.300559259747e+00
 1.075000000000e+00  9.447208813288e+01  2.877620013306e+00  2.650291854183e+00  8.375481859987e+00
 1.100000000000e+00  9.445846178774e+01  2.892758456295e+00  2.648779756335e+00  8.446800299979e+00
 1.125000000000e+00  9.444576293064e+01  2.907063773929e+00  2.647173295802e+00  8.514713060449e+00
 1.150000000000e+00  9.443392433051e+01  2.920573436176e+00  2.645502233692e+00  8.579406078258e+00
 1.175000000000e+00  9.442288411100e+01  2.933324321742e+00  2.643791567627e+00  8.641053574336e+00
 1.200000000000e+00  9.441258527350e+01  2.945352566749e+00  2.642062160125e+00  8.699818839456e+00
 1.225000000000e+00  9.440297526515e+01  2.956693438108e+00  2.640331297113e+00  8.755854976314e+00
 1.250000000000e+00  9.439400559184e+01  2.967381232052e+00  2.638613176480e+00  8.809305593717e+00
 1.275000000000e+00  9.438563146694e+01  2.977449193012e+00  2.636919340425e+00  8.860305458745e+00
 1.300000000000e+00  9.437781149476e+01  2.986929451876e+00  2.635259053738e+00  8.908981106578e+00
 1.325000000000e+00  9.437050738479e+01  2.995852981432e+00  2.633639634153e+00  8.955451408599e+00
 1.350000000000e+00  9.436368369166e+01  3.004249566008e+00  2.632066742704e+00  8.999828102857e+00
 1.375000000000e+00  9.435730758084e+01  3.012147784851e+00  2.630544634678e+00  9.042216285638e+00
 1.400000000000e+00  9.435134861570e+01  3.019575006444e+00  2.629076378226e+00  9.082714868602e+00
 1.425000000000e+00  9.434577856409e+01  3.026557392334e+00  2.627664043945e+00  9.121417002988e+00
 1.450000000000e+00  9.434057122267e+01  3.033119909102e+00  2.626308868604e+00  9.158410472502e+00
 1.475000000000e+00  9.433570225680e+01  3.039286346977e+00  2.625011396595e+00  9.193778057516e+00
 1.500000000000e+00  9.433114905455e+01  3.045079343917e+00  2.623771601906e+00  9.227597872752e+00
 1.525000000000e+00  9.432689059397e+01  3.050520414392e+00  2.622588992009e+00  9.259943678743e+00
 1.550000000000e+00  9.432290732156e+01  3.055629981512e+00  2.621462697305e+00  9.290885170769e+00
 1.575000000000e+00  9.431918104114e+01  3.060427411909e+00  2.620391547321e+00  9.320488246022e+00
 1.600000000000e+00  9.431569481241e+01  3.064931052629e+00  2.619374135331e+00  9.348815250461e+00
 1.625000000000e+00  9.431243285730e+01  3.069158269323e+00  2.618408873748e+00  9.375925208394e+00
 1.650000000000e+00  9.430938047484e+01  3.073125485434e+00  2.617494040103e+00  9.401874033515e+00
 1.675000000000e+00  9.430652396252e+01  3.076848221704e+00  2.616627816152e+00  9.426714725083e+00
 1.700000000000e+00  9.430385054413e+01  3.080341135753e+00  2.615808320492e+00  9.450497549450e+00
 1.725000000000e+00  9.430134830335e+01  3.083618061367e+00  2.615033635661e+00  9.473270208130e+00
 1.750000000000e+00  9.429900612258e+01  3.086692047241e+00  2.614301830549e+00  9.495077993578e+00
 1.775000000000e+00  9.429681362686e+01  3.089575394950e+00  2.613610978566e+00  9.515963933081e+00
 1.800000000000e+00  9.429476113180e+01  3.092279695913e+00  2.612959172665e+00  9.535968922725e+00
 1.825000000000e+00  9.429283959218e+01  3.094815868279e+00  2.612344539915e+00  9.555131860037e+00
 1.850000000000e+00  9.429104056116e+01  3.097194191431e+00  2.611765247780e+00  9.573489751057e+00
 1.875000000000e+00  9.428935614894e+01  3.099424339196e+00  2.611219512233e+00  9.591077818515e+00
 1.900000000000e+00  9.428777898431e+01  3.101515412648e+00  2.610705603415e+00  9.607929602959e+00
 1.925000000000e+00  9.428630217905e+01  3.103475971342e+00  2.610221849980e+00  9.624077056878e+00
 1.950000000000e+00  9.428491929485e+01  3.105314063288e+00  2.609766642237e+00  9.639550632758e+00
 1.975000000000e+00  9.428362431297e+01  3.107037253259e+00  2.609338434140e+00  9.654379364200e+00
 2.000000000000e+00  9.428241160611e+01  3.108652650088e+00  2.608935744171e+00  9.668590941923e+00
 2.025000000000e+00  9.428127591239e+01  3.110166932519e+00  2.608557155468e+00  9.682211784303e+00
 2.050000000000e+00  9.428021231054e+01  3.111586374223e+00  2.608201315608e+00  9.695267104988e+00
 2.075000000000e+00  9.427921619798e+01  3.112916866900e+00  2.607866935490e+00  9.707780973586e+00
 2.100000000000e+00  9.427828326936e+01  3.114163942592e+00  2.607552788425e+00  9.719776374863e+00
 2.125000000000e+00  9.427740949682e+01  3.115332794845e+00  2.607257708705e+00  9.731275263920e+00
 2.150000000000e+00  9.427659111194e+01  3.116428298570e+00  2.606980589866e+00  9.742298617317e+00
 2.175000000000e+00  9.427582458815e+01  3.117455029330e+00  2.606720382890e+00  9.752866482730e+00
 2.200000000000e+00  9.427510662570e+01  3.118417280665e+00  2.606476094012e+00  9.762998022721e+00
 2.225000000000e+00  9.427443413646e+01  3.119319081191e+00  2.606246782724e+00  9.772711558466e+00
 2.250000000000e+00  9.427380423018e+01  3.120164210538e+00  2.606031559650e+00  9.782024610302e+00
 2.275000000000e+00  9.427321420163e+01  3.120956214356e+00  2.605829584386e+00  9.790953935868e+00
 2.300000000000e+00  9.427266151832e+01  3.121698418708e+00  2.605640063345e+00  9.799515566751e+00
 2.325000000000e+00  9.427214380977e+01  3.122393943015e+00  2.605462247591e+00  9.807724841526e+00
 2.350000000000e+00  9.427165885680e+01  3.123045712856e+00  2.605295430721e+00  9.815596438533e+00
 2.375000000000e+00  9.427120458181e+01  3.123656471767e+00  2.605138946792e+00  9.823144406272e+00
 2.400000000000e+00  9.427077904034e+01  3.124228791660e+00  2.604992168370e+00  9.830382190651e+00
 2.425000000000e+00  9.427038041034e+01  3.124765085667e+00  2.604854504369e+00  9.837322667783e+00
 2.450000000000e+00  9.427000698858e+01  3.125267613260e+00  2.604725398535e+00  9.843978158982e+00
 2.475000000000e+00  9.426965717504e+01  3.125738498479e+00  2.604604326856e+00  9.850360476015e+00
 2.500000000000e+00  9.426932947714e+01  3.126179726362e+00  2.604490796873e+00  9.856480916280e+00
 2.525000000000e+00  9.426902249094e+01  3.126593164714e+00  2.604384344723e+00  9.862350316050e+00
 2.550000000000e+00  9.426873490760e+01  3.126980557867e+00  2.604284534907e+00  9.867979039886e+00
 2.575000000000e+00  9.426846549687e+01  3.127343546082e+00  2.604190957416e+00  9.873377028259e+00
 2.600000000000e+00  9.426821311046e+01  3.127683662413e+00  2.604103227499e+00  9.878553794433e+00
 2.625000000000e+00  9.426797667036e+01  3.128002346852e+00  2.604020983164e+00  9.883518459919e+00
 2.650000000000e+00  9.426775516889e+01  3.128300946705e+00  2.603943884781e+00  9.888279759510e+00
 2.675000000000e+00  9.426754766060e+01  3.128580726783e+00  2.603871612993e+00  9.892846067783e+00
 2.700000000000e+00  9.426735326124e+01  3.128842870914e+00  2.603803868214e+00  9.897225406582e+00
 2.725000000000e+00  9.426717114125e+01  3.129088490257e+00  2.603740368871e+00  9.901425467450e+00
 2.750000000000e+00  9.426700052470e+01  3.129318624818e+00  2.603680850855e+00  9.905453618959e+00
 2.775000000000e+00  9.426684068391e+01  3.129534250387e+00  2.603625066071e+00  9.909316926152e+00
 2.800000000000e+00  9.426669093800e+01  3.129736280572e+00  2.603572781799e+00  9.913022158964e+00
 2.825000000000e+00  9.426655064885e+01  3.129925571934e+00  2.603523779591e+00  9.916575807607e+00
 2.850000000000e+00  9.426641921882e+01  3.130102927082e+00  2.603477854473e+00  9.919984093366e+00
 2.875000000000e+00  9.426629608833e+01  3.130269097824e+00  2.603434814215e+00  9.923252979390e+00
 2.900000000000e+00  9.426618073269e+01  3.130424789346e+00  2.603394478334e+00  9.926388183989e+00
 2.925000000000e+00  9.426607266116e+01  3.130570661464e+00  2.603356677751e+00  9.929395186881e+00
 2.950000000000e+00  9.426597141299e+01  3.130707333782e+00  2.603321253599e+00  9.932279244852e+00
 2.975000000000e+00  9.426587655771e+01  3.130835385481e+00  2.603288057177e+00  9.935045394382e+00
 3.000000000000e+00  9.426578769093e+01  3.130955360724e+00  2.603256948720e+00  9.937698467974e+00
 3.025000000000e+00  9.426570443488e+01  3.131067768030e+00  2.603227797462e+00  9.940243095617e+00
 3.050000000000e+00  9.426562643475e+01  3.131173085126e+00  2.603200480499e+00  9.942683719844e+00
 3.075000000000e+00  9.426555335899e+01  3.131271758527e+00  2.603174882852e+00  9.945024597521e+00
 3.100000000000e+00  9.426548489629e+01  3.131364207604e+00  2.603150896482e+00  9.947269813035e+00
 3.125000000000e+00  9.426542075563e+01  3.131450824436e+00  2.603128420307e+00  9.949423280583e+00
 3.150000000000e+00  9.426536066383e+01  3.131531977163e+00  2.603107359379e+00  9.951488755621e+00
 3.175000000000e+00  9.426530436546e+01  3.131608010069e+00  2.603087624845e+00  9.953469837563e+00
 3.200000000000e+00  9.426525162079e+01  3.131679246308e+00  2.603069133278e+00  9.955369979638e+00
 3.225000000000e+00  9.426520220559e+01  3.131745988201e+00  2.603051806583e+00  9.957192492051e+00
 3.250000000000e+00  9.426515590953e+01  3.131808519376e+00  2.603035571470e+00  9.958940550236e+00
 3.275000000000e+00  9.426511253575e+01  3.131867105318e+00  2.603020359303e+00  9.960617198655e+00
 3.300000000000e+00  9.426507189973e+01  3.131921994933e+00  2.603006105715e+00  9.962225357383e+00
 3.325000000000e+00  9.426503382861e+01  3.131973421375e+00  2.602992750386e+00  9.963767826676e+00
 3.350000000000e+00  9.426499816052e+01  3.132021603055e+00  2.602980236794e+00  9.965247291860e+00
 3.375000000000e+00  9.426496474369e+01  3.132066744754e+00  2.602968511931e+00  9.966666328750e+00
 3.400000000000e+00  9.426493343610e+01  3.132109038102e+00  2.602957526175e+00  9.968027406848e+00
 3.425000000000e+00  9.426490410446e+01  3.132148662967e+00  2.602947232943e+00  9.969332895625e+00
 3.450000000000e+00  9.426487662421e+01  3.132185787495e+00  2.602937588671e+00  9.970585066244e+00
 3.475000000000e+00  9.426485087831e+01  3.132220569634e+00  2.602928552434e+00  9.971786098305e+00
 3.500000000000e+00  9.426482675742e+01  3.132253156973e+00  2.602920085977e+00  9.972938080814e+00
 3.525000000000e+00  9.426480415890e+01  3.132283688101e+00  2.602912153374e+00  9.974043018388e+00
 3.550000000000e+00  9.426478298701e+01  3.132312292253e+00  2.602904721114e+00  9.975102831348e+00
 3.575000000000e+00  9.426476315145e+01  3.132339091342e+00  2.602897757584e+00  9.976119364597e+00
 3.600000000000e+00  9.426474456779e+01  3.132364199365e+00  2.602891233216e+00  9.977094386672e+00
 3.625000000000e+00  9.426472715774e+01  3.132387722053e+00  2.602885120577e+00  9.978029589722e+00
 3.650000000000e+00  9.426471084634e+01  3.132409760620e+00  2.602879393416e+00  9.978926604927e+00
 3.675000000000e+00  9.426469556426e+01  3.132430408673e+00  2.602874027443e+00  9.979786992012e+00
 3.700000000000e+00  9.426468124724e+01  3.132449753011e+00  2.602869000125e+00  9.980612243473e+00
 3.725000000000e+00  9.426466783330e+01  3.132467877321e+00  2.602864289750e+00  9.981403800098e+00
 3.750000000000e+00  9.426465526576e+01  3.132484858167e+00  2.602859876441e+00  9.982163036347e+00
 3.775000000000e+00  9.426464349153e+01  3.132500767261e+00  2.602855741581e+00  9.982891270546e+00
 3.800000000000e+00  9.426463245990e+01  3.132515673083e+00  2.602851867393e+00  9.983589772559e+00
 3.825000000000e+00  9.426462212442e+01  3.132529638366e+00  2.602848237587e+00  9.984259754047e+00
 3.850000000000e+00  9.426461244119e+01  3.132542722426e+00  2.602844836758e+00  9.984902379783e+00
 3.875000000000e+00  9.426460336880e+01  3.132554981190e+00  2.602841650386e+00  9.985518768680e+00
 3.900000000000e+00  9.426459486911e+01  3.132566466184e+00  2.602838665084e+00  9.986109989337e+00
 3.925000000000e+00  9.426458690582e+01  3.132577226437e+00  2.602835868120e+00  9.986677070762e+00
 3.950000000000e+00  9.426457944493e+01  3.132587307877e+00  2.602833247564e+00  9.987220999809e+00
 3.975000000000e+00  9.426457245516e+01  3.132596752787e+00  2.602830792430e+00  9.987742719013e+00
 4.000000000000e+00  9.426456590648e+01  3.132605601708e+00  2.602828492189e+00  9.988243137275e+00
 4.025000000000e+00  9.426455977092e+01  3.132613892434e+00  2.602826337022e+00  9.988723125308e+00
 4.050000000000e+00  9.426455402279e+01  3.132621659672e+00  2.602824317910e+00  9.989183514664e+00
 4.075000000000e+00  9.426454863734e+01  3.132628936874e+00  2.602822426163e+00  9.989625107785e+00
 4.100000000000e+00  9.426454359160e+01  3.132635755043e+00  2.602820653727e+00  9.990048672543e+00
 4.125000000000e+00  9.426453886442e+01  3.132642142790e+00  2.602818993167e+00  9.990454943103e+00
 4.150000000000e+00  9.426453443545e+01  3.132648127573e+00  2.602817437347e+00  9.990844627378e+00
 4.175000000000e+00  9.426453028592e+01  3.132653734788e+00  2.602815979670e+00  9.991218402376e+00
 4.200000000000e+00  9.426452639830e+01  3.132658988081e+00  2.602814613989e+00  9.991576916567e+00
 4.225000000000e+00  9.426452275596e+01  3.132663909961e+00  2.602813334454e+00  9.991920794346e+00
 4.250000000000e+00  9.426451934347e+01  3.132668521248e+00  2.602812135657e+00  9.992250632644e+00
 4.275000000000e+00  9.426451614638e+01  3.132672841477e+00  2.602811012518e+00  9.992567004271e+00
 4.300000000000e+00  9.426451315098e+01  3.132676889163e+00  2.602809960226e+00  9.992870460168e+00
 4.325000000000e+00  9.426451034467e+01  3.132680681350e+00  2.602808974352e+00  9.993161526564e+00
 4.350000000000e+00  9.426450771548e+01  3.132684234196e+00  2.602808050695e+00  9.993440709538e+00
 4.375000000000e+00  9.426450525213e+01  3.132687562947e+00  2.602807185294e+00  9.993708495293e+00
 4.400000000000e+00  9.426450294432e+01  3.132690681528e+00  2.602806374528e+00  9.993965347564e+00
 4.425000000000e+00  9.426450078213e+01  3.132693603325e+00  2.602805614918e+00  9.994211713646e+00
 4.450000000000e+00  9.426449875632e+01  3.132696340837e+00  2.602804903216e+00  9.994448022269e+00
 4.475000000000e+00  9.426449685841e+01  3.132698905519e+00  2.602804236444e+00  9.994674682667e+00
 4.500000000000e+00  9.426449508025e+01  3.132701308384e+00  2.602803611739e+00  9.994892089649e+00
 4.525000000000e+00  9.426449341426e+01  3.132703559678e+00  2.602803026438e+00  9.995100621304e+00
 4.550000000000e+00  9.426449185344e+01  3.132705668850e+00  2.602802478086e+00  9.995300638948e+00
 4.575000000000e+00  9.426449039110e+01  3.132707644946e+00  2.602801964329e+00  9.995492490949e+00
 4.600000000000e+00  9.426448902102e+01  3.132709496371e+00  2.602801482984e+00  9.995676510754e+00
 4.625000000000e+00  9.426448773743e+01  3.132711230917e+00  2.602801032024e+00  9.995853017400e+00
 4.650000000000e+00  9.426448653483e+01  3.132712856027e+00  2.602800609516e+00  9.996022318307e+00
 4.675000000000e+00  9.426448540811e+01  3.132714378594e+00  2.602800213666e+00  9.996184707530e+00
 4.700000000000e+00  9.426448435252e+01  3.132715805046e+00  2.602799842805e+00  9.996340466808e+00
 4.725000000000e+00  9.426448336353e+01  3.132717141509e+00  2.602799495339e+00  9.996489867436e+00
 4.750000000000e+00  9.426448243694e+01  3.132718393631e+00  2.602799169799e+00  9.996633168680e+00
 4.775000000000e+00  9.426448156885e+01  3.132719566719e+00  2.602798864808e+00  9.996770619402e+00
 4.800000000000e+00  9.426448075551e+01  3.132720665811e+00  2.602798579054e+00  9.996902458984e+00
 4.825000000000e+00  9.426447999351e+01  3.132721695529e+00  2.602798311336e+00  9.997028915981e+00
 4.850000000000e+00  9.426447927960e+01  3.132722660263e+00  2.602798060514e+00  9.997150210273e+00
 4.875000000000e+00  9.426447861072e+01  3.132723564147e+00  2.602797825511e+00  9.997266553048e+00
 4.900000000000e+00  9.426447798406e+01  3.132724410965e+00  2.602797605345e+00  9.997378145762e+00
 4.925000000000e+00  9.426447739695e+01  3.132725204350e+00  2.602797399071e+00  9.997485182736e+00
 4.950000000000e+00  9.426447684688e+01  3.132725947688e+00  2.602797205808e+00  9.997587850178e+00
 4.975000000000e+00  9.426447633153e+01  3.132726644096e+00  2.602797024747e+00  9.997686325908e+00
 5.000000000000e+00  9.426447584870e+01  3.132727296563e+00  2.602796855110e+00  9.997780781427e+00
