#              time               Lfree                  LR                 LRR                  Rp
 0.000000000000e+00  1.000000000000e+02  0.000000000000e+00  0.000000000000e+00  0.000000000000e+00
 2.500000000000e-02  9.951988870957e+01  4.267684471988e-01  5.334284391111e-02  8.640369445147e-03
 5.000000000000e-02  9.907873483366e+01  7.384070383382e-01  1.828581286616e-01  5.757004098207e-02
 7.500000000000e-02  9.867469842246e+01  9.709487753978e-01  3.543528021456e-01  1.625724612933e-01
 1.000000000000e-01  9.830544797146e+01  1.149085980665e+00  5.454660478875e-01  3.240149503935e-01
 1.250000000000e-01  9.796844285256e+01  1.289603585737e+00  7.419535617139e-01  5.347788752626e-01
 1.500000000000e-01  9.766110873230e+01  1.403905190068e+00  9.349860776476e-01  7.848351262029e-01
 1.750000000000e-01  9.738094140359e+01  1.499766643895e+00  1.119291952529e+00  1.063732660402e+00
 2.000000000000e-01  9.712556457516e+01  1.582520308354e+00  1.291915116498e+00  1.361840844939e+00
 2.250000000000e-01  9.689275879759e+01  1.655845751430e+00  1.451395450995e+00  1.670875607017e+00
 2.500000000000e-01  9.668047268389e+01  1.722296594681e+00  1.597230721445e+00  1.984032592207e+00
 2.750000000000e-01  9.648682352455e+01  1.783652751243e+00  1.729523724221e+00  2.295918816806e+00
 3.000000000000e-01  9.631009177164e+01  1.841157703352e+00  1.848750525018e+00  2.602393131950e+00
 3.250000000000e-01  9.614871216717e+01  1.895679747223e+00  1.955608085618e+00  2.900376441280e+00
 3.500000000000e-01  9.600126323649e+01  1.947822743349e+00  2.050914020175e+00  3.187663814343e+00
 3.750000000000e-01  9.586645619419e+01  1.998003037967e+00  2.135540767857e+00  3.462753808064e+00
 4.000000000000e-01  9.574312388602e+01  2.046503565625e+00  2.210372548366e+00  3.724700802434e+00
 4.250000000000e-01  9.563021013278e+01  2.093512149064e+00  2.276277718163e+00  3.972991521268e+00
 4.500000000000e-01  9.552675967019e+01  2.139149132110e+00  2.334091197709e+00  4.207443713320e+00
 4.750000000000e-01  9.543190877978e+01  2.183487339716e+00  2.384603880512e+00  4.428124557765e+00
 5.000000000000e-01  9.534487664330e+01  2.226566680344e+00  2.428556676370e+00  4.635285685202e+00
 5.250000000000e-01  9.526495741562e+01  2.268404864677e+00  2.466637719716e+00  4.829311987483e+00
 5.500000000000e-01  9.519151298879e+01  2.309005306526e+00  2.499481704694e+00  5.010681619613e+00
 5.750000000000e-01  9.512396640848e+01  2.348362939815e+00  2.527670651719e+00  5.179934999559e+00
 6.000000000000e-01  9.506179590122e+01  2.386468474965e+00  2.551735623822e+00  5.337650990308e+00
 6.250000000000e-01  9.500452945469e+01  2.423311498911e+00  2.572159046409e+00  5.484428651830e+00
 6.500000000000e-01  9.495173991853e+01  2.458882669264e+00  2.589377412215e+00  5.620873499607e+00
 6.750000000000e-01  9.490304059040e+01  2.493175203576e+00  2.603784206038e+00  5.747587337058e+00
 7.000000000000e-01  9.485808121191e+01  2.526185888347e+00  2.615732899751e+00  5.865160598250e+00
 7.250000000000e-01  9.481654436449e+01  2.557915659815e+00  2.625539975707e+00  5.974166893443e+00
 7.500000000000e-01  9.477814222328e+01  2.588369880540e+00  2.633487896195e+00  6.075159196083e+00
 7.750000000000e-01  9.474261362954e+01  2.617558392235e+00  2.639827978238e+00  6.168667245588e+00
 8.000000000000e-01  9.470972145655e+01  2.645495391857e+00  2.644783151599e+00  6.255195940265e+00
 8.250000000000e-01  9.467925023932e+01  2.672199187298e+00  2.648550573392e+00  6.335224462930e+00
 8.500000000000e-01  9.465100404266e+01  2.697691867292e+00  2.651304090057e+00  6.409205968349e+00
 8.750000000000e-01  9.462480454565e+01  2.721998915739e+00  2.653196538625e+00  6.477567700625e+00
 9.000000000000e-01  9.460048932408e+01  2.745148795522e+00  2.654361880405e+00  6.540711431311e+00
 9.250000000000e-01  9.457791028772e+01  2.767172521475e+00  2.654917190811e+00  6.599014104067e+00
 9.500000000000e-01  9.455693229467e+01  2.788103233486e+00  2.654964471858e+00  6.652828681196e+00
 9.750000000000e-01  9.453743191908e+01  2.807975782199e+00  2.654592298730e+00  6.702485116913e+00
 1.000000000000e+00  9.451929632241e+01  2.826826336039e+00  2.653877341558e+00  6.748291375117e+00
 1.025000000000e+00  9.450242224289e+01  2.844692015662e+00  2.652885741463e+00  6.790534496075e+00
 1.050000000000e+00  9.448671508992e+01  2.861610557220e+00  2.651674352872e+00  6.829481695264e+00
 1.075000000000e+00  9.447208813672e+01  2.877620007301e+00  2.650291855987e+00  6.865381470693e+00
 1.100000000000e+00  9.445846179064e+01  2.892758450593e+00  2.648779758778e+00  6.898464689322e+00
 1.125000000000e+00  9.444576293346e+01  2.907063768605e+00  2.647173297947e+00  6.928945650677e+00
 1.150000000000e+00  9.443392433313e+01  2.920573431265e+00  2.645502235617e+00  6.957023121590e+00
 1.175000000000e+00  9.442288411314e+01  2.933324317204e+00  2.643791569665e+00  6.982881335684e+00
 1.200000000000e+00  9.441258527488e+01  2.945352562358e+00  2.642062162777e+00  7.006690949334e+00
 1.225000000000e+00  9.440297526630e+01  2.956693434044e+00  2.640331299672e+00  7.028609953778e+00
 1.250000000000e+00  9.439400559278e+01  2.967381228318e+00  2.638613178910e+00  7.048784543234e+00
 1.275000000000e+00  9.438563146767e+01  2.977449189604e+00  2.636919342738e+00  7.067349935356e+00
 1.300000000000e+00  9.437781149534e+01  2.986929448789e+00  2.635259055879e+00  7.084431146140e+00
 1.325000000000e+00  9.437050738516e+01  2.995852978589e+00  2.633639636259e+00  7.100143718348e+00
 1.350000000000e+00  9.436368369192e+01  3.004249563431e+00  2.632066744663e+00  7.114594406539e+00
 1.375000000000e+00  9.435730758098e+01  3.012147782524e+00  2.630544636503e+00  7.127881818474e+00
 1.400000000000e+00  9.435134861574e+01  3.019575004347e+00  2.629076379924e+00  7.140097013944e+00
 1.425000000000e+00  9.434577856403e+01  3.026557390446e+00  2.627664045531e+00  7.151324064373e+00
 1.450000000000e+00  9.434057122261e+01  3.033119907444e+00  2.626308869960e+00  7.161640573685e+00
 1.475000000000e+00  9.433570225669e+01  3.039286345506e+00  2.625011397813e+00  7.171118164431e+00
 1.500000000000e+00  9.433114905439e+01  3.045079342615e+00  2.623771603003e+00  7.179822928480e+00
 1.525000000000e+00  9.432689059376e+01  3.050520413241e+00  2.622588993009e+00  7.187815845655e+00
 1.550000000000e+00  9.432290732127e+01  3.055629980495e+00  2.621462698243e+00  7.195153172387e+00
 1.575000000000e+00  9.431918104092e+01  3.060427411041e+00  2.620391548047e+00  7.201886801415e+00
 1.600000000000e+00  9.431569481218e+01  3.064931051879e+00  2.619374135953e+00  7.208064596397e+00
 1.625000000000e+00  9.431243285760e+01  3.069158268734e+00  2.618408873678e+00  7.213730698391e+00
 1.650000000000e+00  9.430938047699e+01  3.073125485078e+00  2.617494037938e+00  7.218925812526e+00
 1.675000000000e+00  9.430652396804e+01  3.076848221373e+00  2.616627810600e+00  7.223687474861e+00
 1.700000000000e+00  9.430385055446e+01  3.080341135224e+00  2.615808310323e+00  7.228050295366e+00
 1.725000000000e+00  9.430134831644e+01  3.083618060299e+00  2.615033623271e+00  7.232046193701e+00
 1.750000000000e+00  9.429900613659e+01  3.086692045346e+00  2.614301818073e+00  7.235704585640e+00
 1.775000000000e+00  9.429681364022e+01  3.089575392147e+00  2.613610967648e+00  7.239052585469e+00
 1.800000000000e+00  9.429476114256e+01  3.092279692604e+00  2.612959164849e+00  7.242115185672e+00
 1.825000000000e+00  9.429283960093e+01  3.094815864662e+00  2.612344534421e+00  7.244915420158e+00
 1.850000000000e+00  9.429104056851e+01  3.097194187590e+00  2.611765243911e+00  7.247474521482e+00
 1.875000000000e+00  9.428935615542e+01  3.099424335213e+00  2.611219509377e+00  7.249812053389e+00
 1.900000000000e+00  9.428777899022e+01  3.101515408622e+00  2.610705601170e+00  7.251946041317e+00
 1.925000000000e+00  9.428630218441e+01  3.103475967384e+00  2.610221848222e+00  7.253893092064e+00
 1.950000000000e+00  9.428491929984e+01  3.105314059289e+00  2.609766640881e+00  7.255668503007e+00
 1.975000000000e+00  9.428362431749e+01  3.107037249319e+00  2.609338433199e+00  7.257286366600e+00
 2.000000000000e+00  9.428241161013e+01  3.108652646290e+00  2.608935743592e+00  7.258759660594e+00
 2.025000000000e+00  9.428127591583e+01  3.110166928997e+00  2.608557155182e+00  7.260100335553e+00
 2.050000000000e+00  9.428021231362e+01  3.111586370947e+00  2.608201315441e+00  7.261319394640e+00
 2.075000000000e+00  9.427921620096e+01  3.112916863700e+00  2.607866935352e+00  7.262426966637e+00
 2.100000000000e+00  9.427828327216e+01  3.114163939510e+00  2.607552788345e+00  7.263432375632e+00
 2.125000000000e+00  9.427740949937e+01  3.115332791937e+00  2.607257708701e+00  7.264344201406e+00
 2.150000000000e+00  9.427659111408e+01  3.116428295969e+00  2.606980589957e+00  7.265170338198e+00
 2.175000000000e+00  9.427582459004e+01  3.117455026951e+00  2.606720383017e+00  7.265918048151e+00
 2.200000000000e+00  9.427510662752e+01  3.118417278363e+00  2.606476094131e+00  7.266594010196e+00
 2.225000000000e+00  9.427443413818e+01  3.119319078993e+00  2.606246782834e+00  7.267204366653e+00
 2.250000000000e+00  9.427380423176e+01  3.120164208494e+00  2.606031559760e+00  7.267754763691e+00
 2.275000000000e+00  9.427321420319e+01  3.120956212295e+00  2.605829584529e+00  7.268250389828e+00
 2.300000000000e+00  9.427266152118e+01  3.121698415304e+00  2.605640063523e+00  7.268696009842e+00
 2.325000000000e+00  9.427214381443e+01  3.122393937743e+00  2.605462247841e+00  7.269096006743e+00
 2.350000000000e+00  9.427165886511e+01  3.123045703803e+00  2.605295431102e+00  7.269454398325e+00
 2.375000000000e+00  9.427120459314e+01  3.123656459447e+00  2.605138947420e+00  7.269774886078e+00
 2.400000000000e+00  9.427077905446e+01  3.124228776273e+00  2.604992169280e+00  7.270060855508e+00
 2.425000000000e+00  9.427038042583e+01  3.124765068536e+00  2.604854505646e+00  7.270315422969e+00
 2.450000000000e+00  9.427000700257e+01  3.125267597476e+00  2.604725399967e+00  7.270541438178e+00
 2.475000000000e+00  9.426965718773e+01  3.125738483763e+00  2.604604328521e+00  7.270741516358e+00
 2.500000000000e+00  9.426932948603e+01  3.126179715586e+00  2.604490798395e+00  7.270918053633e+00
 2.525000000000e+00  9.426902249833e+01  3.126593155404e+00  2.604384346275e+00  7.271073241701e+00
 2.550000000000e+00  9.426873491244e+01  3.126980551411e+00  2.604284536163e+00  7.271209093589e+00
 2.575000000000e+00  9.426846550175e+01  3.127343539632e+00  2.604190958632e+00  7.271327444720e+00
 2.600000000000e+00  9.426821311461e+01  3.127683656927e+00  2.604103228478e+00  7.271429983504e+00
 2.625000000000e+00  9.426797667526e+01  3.128002340585e+00  2.604020984168e+00  7.271518244959e+00
 2.650000000000e+00  9.426775517341e+01  3.128300940948e+00  2.603943885655e+00  7.271593640733e+00
 2.675000000000e+00  9.426754766535e+01  3.128580720730e+00  2.603871613935e+00  7.271657452370e+00
 2.700000000000e+00  9.426735326518e+01  3.128842865772e+00  2.603803869055e+00  7.271710855926e+00
 2.725000000000e+00  9.426717114484e+01  3.129088485451e+00  2.603740369724e+00  7.271754919331e+00
 2.750000000000e+00  9.426700052749e+01  3.129318620934e+00  2.603680851585e+00  7.271790619763e+00
 2.775000000000e+00  9.426684068636e+01  3.129534246926e+00  2.603625066730e+00  7.271818845225e+00
 2.800000000000e+00  9.426669094012e+01  3.129736277539e+00  2.603572782350e+00  7.271840405746e+00
 2.825000000000e+00  9.426655065078e+01  3.129925569194e+00  2.603523780038e+00  7.271856037853e+00
 2.850000000000e+00  9.426641922081e+01  3.130102924319e+00  2.603477854882e+00  7.271866410778e+00
 2.875000000000e+00  9.426629609005e+01  3.130269095444e+00  2.603434814514e+00  7.271872133625e+00
 2.900000000000e+00  9.426618073458e+01  3.130424786758e+00  2.603394478671e+00  7.271873756940e+00
 2.925000000000e+00  9.426607266261e+01  3.130570659424e+00  2.603356677977e+00  7.271871782514e+00
 2.950000000000e+00  9.426597141453e+01  3.130707331612e+00  2.603321253869e+00  7.271866661915e+00
 2.975000000000e+00  9.426587655880e+01  3.130835383882e+00  2.603288057332e+00  7.271858806223e+00
 3.000000000000e+00  9.426578769208e+01  3.130955359036e+00  2.603256948900e+00  7.271848584496e+00
 3.025000000000e+00  9.426570443569e+01  3.131067766784e+00  2.603227797534e+00  7.271836331871e+00
 3.050000000000e+00  9.426562643565e+01  3.131173083776e+00  2.603200480583e+00  7.271822348498e+00
 3.075000000000e+00  9.426555335968e+01  3.131271757481e+00  2.603174882852e+00  7.271806906066e+00
 3.100000000000e+00  9.426548489704e+01  3.131364206477e+00  2.603150896492e+00  7.271790247278e+00
 3.125000000000e+00  9.426542075661e+01  3.131450823016e+00  2.603128420383e+00  7.271772589888e+00
 3.150000000000e+00  9.426536066600e+01  3.131531974185e+00  2.603107359828e+00  7.271754127912e+00
 3.175000000000e+00  9.426530436839e+01  3.131608006079e+00  2.603087625540e+00  7.271735038498e+00
 3.200000000000e+00  9.426525162593e+01  3.131679239400e+00  2.603069134679e+00  7.271715473125e+00
 3.225000000000e+00  9.426520221377e+01  3.131745977285e+00  2.603051808957e+00  7.271695571025e+00
 3.250000000000e+00  9.426515591900e+01  3.131808506742e+00  2.603035574272e+00  7.271675460996e+00
 3.275000000000e+00  9.426511254872e+01  3.131867088048e+00  2.603020363239e+00  7.271655241703e+00
 3.300000000000e+00  9.426507191567e+01  3.131921973717e+00  2.603006110621e+00  7.271635014843e+00
 3.325000000000e+00  9.426503384544e+01  3.131973398975e+00  2.602992755595e+00  7.271614867469e+00
 3.350000000000e+00  9.426499817936e+01  3.132021577980e+00  2.602980242676e+00  7.271594865006e+00
 3.375000000000e+00  9.426496476359e+01  3.132066718227e+00  2.602968518190e+00  7.271575075398e+00
 3.400000000000e+00  9.426493345576e+01  3.132109011867e+00  2.602957532387e+00  7.271555553756e+00
 3.425000000000e+00  9.426490412434e+01  3.132148636409e+00  2.602947239263e+00  7.271536343323e+00
 3.450000000000e+00  9.426487664366e+01  3.132185761464e+00  2.602937594888e+00  7.271517485571e+00
 3.475000000000e+00  9.426485089713e+01  3.132220544405e+00  2.602928558476e+00  7.271499013254e+00
 3.500000000000e+00  9.426482677593e+01  3.132253132141e+00  2.602920091945e+00  7.271480952774e+00
 3.525000000000e+00  9.426480417681e+01  3.132283664032e+00  2.602912159170e+00  7.271463327855e+00
 3.550000000000e+00  9.426478300422e+01  3.132312269092e+00  2.602904726695e+00  7.271446155487e+00
 3.575000000000e+00  9.426476316825e+01  3.132339068722e+00  2.602897763037e+00  7.271429449432e+00
 3.600000000000e+00  9.426474458368e+01  3.132364177954e+00  2.602891238372e+00  7.271413221684e+00
 3.625000000000e+00  9.426472717252e+01  3.132387702129e+00  2.602885125361e+00  7.271397477403e+00
 3.650000000000e+00  9.426471086023e+01  3.132409741884e+00  2.602879397901e+00  7.271382221826e+00
 3.675000000000e+00  9.426469557684e+01  3.132430391680e+00  2.602874031489e+00  7.271367457827e+00
 3.700000000000e+00  9.426468125843e+01  3.132449737877e+00  2.602869003702e+00  7.271353183041e+00
 3.725000000000e+00  9.426466784347e+01  3.132467863553e+00  2.602864292985e+00  7.271339396175e+00
 3.750000000000e+00  9.426465527477e+01  3.132484845951e+00  2.602859879288e+00  7.271326093356e+00
 3.775000000000e+00  9.426464349952e+01  3.132500756408e+00  2.602855744087e+00  7.271313268049e+00
 3.800000000000e+00  9.426463246724e+01  3.132515663078e+00  2.602851869689e+00  7.271300913965e+00
 3.825000000000e+00  9.426462213108e+01  3.132529629277e+00  2.602848239653e+00  7.271289023134e+00
 3.850000000000e+00  9.426461244742e+01  3.132542713907e+00  2.602844838683e+00  7.271277586299e+00
 3.875000000000e+00  9.426460337477e+01  3.132554973025e+00  2.602841652221e+00  7.271266594316e+00
 3.900000000000e+00  9.426459487510e+01  3.132566457979e+00  2.602838666929e+00  7.271256036210e+00
 3.925000000000e+00  9.426458691269e+01  3.132577217062e+00  2.602835870263e+00  7.271245900756e+00
 3.950000000000e+00  9.426457945313e+01  3.132587296715e+00  2.602833250163e+00  7.271236177603e+00
 3.975000000000e+00  9.426457246407e+01  3.132596740671e+00  2.602830795271e+00  7.271226856294e+00
 4.000000000000e+00  9.426456591616e+01  3.132605588556e+00  2.602828495292e+00  7.271217924684e+00
 4.025000000000e+00  9.426455978380e+01  3.132613874991e+00  2.602826341224e+00  7.271209367894e+00
 4.050000000000e+00  9.426455403882e+01  3.132621637998e+00  2.602824323198e+00  7.271201176970e+00
 4.075000000000e+00  9.426454865573e+01  3.132628912005e+00  2.602822432275e+00  7.271193341475e+00
 4.100000000000e+00  9.426454361060e+01  3.132635729349e+00  2.602820660058e+00  7.271185850978e+00
 4.125000000000e+00  9.426453888688e+01  3.132642112436e+00  2.602819000698e+00  7.271178687129e+00
 4.150000000000e+00  9.426453446124e+01  3.132648092740e+00  2.602817446031e+00  7.271171842537e+00
 4.175000000000e+00  9.426453031408e+01  3.132653696761e+00  2.602815989172e+00  7.271165306646e+00
 4.200000000000e+00  9.426452642659e+01  3.132658949906e+00  2.602814623519e+00  7.271159069515e+00
 4.225000000000e+00  9.426452278542e+01  3.132663870208e+00  2.602813344384e+00  7.271153116121e+00
 4.250000000000e+00  9.426451937415e+01  3.132668479854e+00  2.602812146003e+00  7.271147436600e+00
 4.275000000000e+00  9.426451617751e+01  3.132672799485e+00  2.602811023013e+00  7.271142021066e+00
 4.300000000000e+00  9.426451318152e+01  3.132676847979e+00  2.602809970508e+00  7.271136859346e+00
 4.325000000000e+00  9.426451037419e+01  3.132680641552e+00  2.602808984274e+00  7.271131940571e+00
 4.350000000000e+00  9.426450774423e+01  3.132684195437e+00  2.602808060348e+00  7.271127254179e+00
 4.375000000000e+00  9.426450527993e+01  3.132687525458e+00  2.602807194621e+00  7.271122790856e+00
 4.400000000000e+00  9.426450297080e+01  3.132690645814e+00  2.602806383401e+00  7.271118541117e+00
 4.425000000000e+00  9.426450080712e+01  3.132693569604e+00  2.602805623284e+00  7.271114495757e+00
 4.450000000000e+00  9.426449878029e+01  3.132696308480e+00  2.602804911239e+00  7.271110645824e+00
 4.475000000000e+00  9.426449688137e+01  3.132698874508e+00  2.602804244130e+00  7.271106982835e+00
 4.500000000000e+00  9.426449510220e+01  3.132701278726e+00  2.602803619086e+00  7.271103498629e+00
 4.525000000000e+00  9.426449343504e+01  3.132703531584e+00  2.602803033390e+00  7.271100185399e+00
 4.550000000000e+00  9.426449187371e+01  3.132705641426e+00  2.602802484874e+00  7.271097034923e+00
 4.575000000000e+00  9.426449041102e+01  3.132707617987e+00  2.602801971007e+00  7.271094040265e+00
 4.600000000000e+00  9.426448904055e+01  3.132709469921e+00  2.602801489536e+00  7.271091194535e+00
 4.625000000000e+00  9.426448775618e+01  3.132711205519e+00  2.602801038308e+00  7.271088491219e+00
 4.650000000000e+00  9.426448655319e+01  3.132712831154e+00  2.602800615666e+00  7.271085923152e+00
 4.675000000000e+00  9.426448542632e+01  3.132714353925e+00  2.602800219765e+00  7.271083484180e+00
 4.700000000000e+00  9.426448437045e+01  3.132715780762e+00  2.602799848804e+00  7.271081168553e+00
 4.725000000000e+00  9.426448338087e+01  3.132717118005e+00  2.602799501135e+00  7.271078970627e+00
 4.750000000000e+00  9.426448245361e+01  3.132718371045e+00  2.602799175356e+00  7.271076884718e+00
 4.775000000000e+00  9.426448158506e+01  3.132719544749e+00  2.602798870202e+00  7.271074905281e+00
 4.800000000000e+00  9.426448077121e+01  3.132720644538e+00  2.602798584265e+00  7.271073027373e+00
 4.825000000000e+00  9.426448000854e+01  3.132721675165e+00  2.602798316311e+00  7.271071246076e+00
 4.850000000000e+00  9.426447929380e+01  3.132722641006e+00  2.602798065202e+00  7.271069556688e+00
 4.875000000000e+00  9.426447862427e+01  3.132723545766e+00  2.602797829973e+00  7.271067954793e+00
 4.900000000000e+00  9.426447799694e+01  3.132724393498e+00  2.602797609571e+00  7.271066436014e+00
 4.925000000000e+00  9.426447740914e+01  3.132725187813e+00  2.602797403058e+00  7.271064996200e+00
 4.950000000000e+00  9.426447685834e+01  3.132725932125e+00  2.602797209546e+00  7.271063631367e+00
 4.975000000000e+00  9.426447634269e+01  3.132726628934e+00  2.602797028387e+00  7.271062338231e+00
 5.000000000000e+00  9.426447585979e+01  3.132727281489e+00  2.602796858734e+00  7.271061112997e+00
